-1.58980582524	-0.279126213592
-1.58980582524	-0.242718446602
-1.58980582524	-0.218446601942
-1.57767378641	-0.194178640777
-1.57767378641	-0.509712621359
-1.57766990291	-0.400485436893
-1.57766990291	-0.509708737864
-1.55339805825	-0.509708737864
-1.54126213592	-0.364077669903
-1.52912621359	-0.606796116505
-1.52912621359	-0.606796116505
-1.50485436893	-0.533980582524
-1.50485436893	-0.497572815534
-1.4927184466	-0.764563106796
-1.48058252427	-0.594660194175
-1.45631067961	-0.728155339806
-1.44417864078	-0.861654368932
-1.44417475728	-0.861650485437
-1.39563106796	-0.873786407767
-1.38349514563	-1.01941747573
-1.3713592233	-0.958737864078
-1.3713592233	-0.934466019417
-1.35922330097	-1.03155339806
-1.35922330097	-1.01941747573
-1.32281553398	-1.08009708738
-1.29854368932	-1.16504854369
-1.27427184466	-1.15291262136
-1.26213592233	-1.20145631068
-1.23786796117	-1.20146019417
-1.18932038835	-1.29854368932
-1.10436893204	-1.35922330097
-0.983013592233	-1.3713631068
-0.946601941748	-1.44417475728
-0.861650485437	-1.4927184466
-0.800970873786	-1.45631067961
-0.752427184466	-1.52912621359
-0.667475728155	-1.56553398058
-0.58252815534	-1.52913009709
-0.497572815534	-1.58980582524
-0.279126213592	-1.58980582524
-0.242718446602	-1.58980582524
-0.194174757282	-1.58980582524
-0.0485436893204	-1.58980582524
0.0364038834951	-1.58980970874
0.0970873786408	-1.57766990291
0.230582524272	-1.57766990291
0.339801941748	-1.57767378641
0.339805825243	-1.57766990291
0.424757281553	-1.55339805825
0.521844660194	-1.55339805825
0.65533592233	-1.51699417476
0.740291262136	-1.51699029126
0.825242718447	-1.46844660194
0.861650485437	-1.44417475728
0.958737864078	-1.45631067961
0.970869902913	-1.44417864078
1.06796116505	-1.45631067961
1.14077669903	-1.44417475728
1.22572427184	-1.34709126214
1.28640776699	-1.38349514563
1.39563106796	-1.32281553398
1.41990291262	-1.29854368932
1.5291223301	-1.23786796117
1.56553398058	-1.21359223301
1.57766990291	-1.20145631068
1.62621359223	-1.15291262136
1.66262135922	-1.14077669903
1.72330097087	-1.10436893204
1.73543300971	-0.983013592233
1.77184466019	-1.03155339806
1.80825242718	-0.970873786408
1.83252427184	-1.01941747573
1.86892815534	-0.788838834951
1.90533592233	-0.61893592233
1.90533980583	-0.849514563107
1.91747572816	-0.849514563107
1.94174757282	-0.800970873786
1.95388349515	-0.485436893204
1.97815533981	-0.716019417476
2.00242718447	-0.351941747573
2.0145592233	-0.327673786408
2.0145631068	-0.400485436893
2.0145631068	-0.509708737864
2.0145631068	-0.631067961165
2.02669902913	-0.291262135922
2.03883106796	-0.133499029126
2.03883106796	0.0606757281553
2.03883495146	-0.0970873786408
2.03883495146	0.0121359223301