-0.058090275317	0.576771547212
-0.301474987483	0.676988781633
-0.473275960776	0.777206016054
-0.602126690746	0.848789754926
-0.773927664039	0.906056746024
-0.974362132882	0.934690241573
-1.2463803406	0.977640484897
-1.60429903496	0.991957232671
-1.7474665127	0.991957232671
-1.87631724267	0.934690241573
-2.04811821597	0.89173999825
-2.27718618036	0.834473007152
-2.43467040588	0.820156259378
-2.5348876403	0.791522763829
-2.63510487472	0.734255772731
-2.64942162249	0.691305529408
-2.80690584801	0.619721790535
-2.87848958688	0.591088294986
-2.93575657798	0.519504556114
-3.05029056018	0.419287321693
-3.1505077946	0.290436591723
-3.23640828124	0.218852852851
-3.33662551567	0.0900021228807
-3.33662551567	0.0900021228807
-3.19345803792	0.37633707837
-3.12187429905	0.476554312791
-3.16482406111	0.304765145377
-3.12187390495	0.347715301532
-3.03597359264	0.44793233256
-2.99302343649	0.505199207434
-2.93575656161	0.533832644871
-2.9214398429	0.548149363589
-2.83553953059	0.634049675899
-2.79258937443	0.648366394618
-2.76395593699	0.676999832054
-2.63510546853	0.734266706928
-2.56352187494	0.734266706928
-2.43467140647	0.834483737957
-2.39172125032	0.848800456675
-2.29150421929	0.848800456675
-2.23423734441	0.877433894112
-2.13402031339	0.906067331548
-2.06243671979	0.934700768985
-2.01948656364	0.934700768985
-1.96221968877	0.934700768985
-1.86200265774	0.949017487704
-1.76178562671	0.97765092514
-1.69020203312	0.97765092514
-1.58998500209	0.97765092514
-1.46113453362	1.00628436258
-1.36091750259	1.03491780001
-1.1318500031	0.991967643859
-1.08889984694	0.963334206422
-0.859832347451	0.920384050267
-0.788248753859	0.89175061283
-0.659398285393	0.863117175393
-0.530547816928	0.834483737957
-0.487597660773	0.820167019238
-0.430330785899	0.762900144365
-0.387380629744	0.691316550773
-0.258530161279	0.619732957181
-0.0867295366584	0.562466082307
-0.0867295366584	0.562466082307
-0.0294626617849	0.533832644871