0	0.0339694310249
0	0.118893008587
0	0.237786017175
0.0679388431625	0.577485601989
0.0679388620499	0.356679025762
0.0679388620499	0.390648456787
0.0679388620499	0.407633172299
0.0849235775624	0.475572034349
0.0849235775624	0.509541465374
0.0849235775624	0.560495611912
0.0849235775624	0.594465042937
0.101908264744	0.696378577524
0.118893008587	0.628434473962
0.118893008587	0.628434473962
0.118893008587	0.645419189474
0.135877686325	0.883210396221
0.152862397116	0.815271553058
0.152862439612	0.713358051524
0.169847107906	0.747332709895
0.186831818697	0.968133950174
0.186831818697	1.05305750413
0.186831818697	0.815271553058
0.186831870637	0.764312198061
0.20381658615	0.866220491136
0.220801240278	1.1040116365
0.237785951069	1.34179758757
0.25477066186	1.22290461203
0.25477066186	1.2908434552
0.288740083441	1.37576700915
0.305724794231	1.47767527389
0.305724794231	1.30782816599
0.356678926603	1.63053767101
0.373663637394	1.49465998468
0.407633058975	1.57958353864
0.424617769766	1.71546122496
0.458587191347	1.68149180338
0.475571902138	1.8343542005
0.52652603451	1.76641535733
0.5435107453	1.81736948971
0.560495456091	1.95324717603
0.560495456091	1.95324717603
0.577480166882	2.03817072998
0.594464877672	1.81736948971
0.594464877672	1.98721659761
0.611449588463	2.05515544077
0.611449588463	1.91927775445
0.662403720835	2.02118601919
0.696373142416	2.03817072998
0.713357853207	2.07214015157
0.713357853207	2.07214015157
0.781296696369	2.12309428394
0.79828140716	2.14007899473
0.866220250322	2.1910331271
0.866220250322	2.1910331271
0.866220250322	2.1910331271
0.883204961113	2.20801783789
0.900189671904	2.25897197026
0.917174382694	2.25897197026
0.934159093485	2.27595668105
0.951143804276	2.25897197026
0.968128515066	2.32691081342
1.01908264744	2.30992610263
1.03606735823	2.3778649458
1.05305206902	2.41183436738
1.0870214906	2.41183436738
1.0870214906	2.44580378896
1.0870214906	2.41183436738
1.0870214906	2.41183436738
1.10400620139	2.41183436738
1.12099091218	2.47977321054
1.12099091218	2.44580378896
1.13797562297	2.51374263212
1.18892975534	2.46278849975
1.20591446614	2.53072734291
1.23988388772	2.56469676449
1.25686859851	2.53072734291
1.25686859851	2.53072734291
1.29083802009	2.59866618607
1.29083802009	2.56469676449
1.32480744167	2.64962031845
1.35877686325	2.68358974003
1.37576157404	2.61565089687
1.39274628483	2.66660502924
1.39274628483	2.64962031845
1.39274628483	2.61565089687
1.40973099562	2.68358974003
1.46068512799	2.66660502924
1.47766983879	2.75152858319
1.51163926037	2.7345438724
1.52862397116	2.80248271556
1.56259339274	2.83645213714
1.61354752511	2.87042155873
1.61354752511	2.81946742635
1.6305322359	2.85343684793
1.68148636827	2.9213756911
1.71545578985	2.95534511268
1.73244050064	2.90439098031
1.76640992223	2.98931453426
1.78339463302	2.93836040189
1.85133347618	3.00629924505
1.85133347618	2.97232982347
1.91927231934	3.04026866663
1.93625703013	3.02328395584
1.9872111625	3.05725337742
2.0041958733	3.07423808821
2.03816529488	3.10820750979
2.05515000567	3.091222799
2.07213471646	3.12519222058
2.08911942725	3.05725337742
2.08911942725	3.10820750979
2.12308884883	3.12519222058
2.12308884883	3.15916164217
2.15705827041	3.15916164217
2.19102769199	3.19313106375
2.20801240278	3.19313106375
2.20801240278	3.14217693138
2.27595124595	3.22710048533
2.30992066753	3.22710048533
2.30992066753	3.22710048533
2.32690537832	3.21011577454
2.32690537832	3.21011577454
2.32690537832	3.26106990691
2.34389008911	3.26106990691
2.39484422148	3.2780546177
2.44579835385	3.31202403928
2.44579835385	3.26106990691
2.51373719701	3.2780546177
2.5307219078	3.29503932849
2.5477066186	3.34599346086
2.56469132939	3.32900875007
2.64961488334	3.36297817165
2.66659959413	3.31202403928
2.68358430492	3.32900875007
2.68358430492	3.36297817165
2.68358430492	3.36297817165
2.75152314808	3.34599346086
2.78549256966	3.39694759323
2.78549256966	3.39694759323
2.87041612362	3.43091701482
2.95533967757	3.39694759323
3.00629380994	3.41393230403
3.02327852073	3.4648864364
3.04026323152	3.44790172561
3.07423265311	3.43091701482
3.15915620706	3.49885585798
3.17614091785	3.48187114719
3.29503389338	3.48187114719
3.29503389338	3.49885585798
3.32900331496	3.53282527956
3.41392686892	3.56679470114
3.53281984445	3.60076412272
3.54980455524	3.51584056877
3.60075868762	3.60076412272
3.60075868762	3.60076412272
3.65171281999	3.61774883351
3.70266695236	3.60076412272
3.71965166315	3.61774883351
3.8045752171	3.65171825509
3.85552934947	3.6347335443
3.87251406027	3.65171825509
3.95743761422	3.65171825509
3.9914070358	3.61774883351
3.9914070358	3.58377941193
4.04236116817	3.71965709826
4.05934587896	3.6347335443
4.21220827608	3.66870296589
4.22919298687	3.71965709826
4.28014711924	3.71965709826
4.46697893794	3.70267238747
4.48396364873	3.71965709826
4.50094835952	3.71965709826
4.58587191347	3.71965709826
4.60285662426	3.71965709826
4.61984133505	3.71965709826
4.63682604584	3.71965709826
4.67079546743	3.71965709826
4.84064257533	3.71965709826
5.01048968324	3.73664180905
5.14636736956	3.73664180905
5.6219392717	3.73664180905
6.01258761989	3.73664180905