1.98590309695	3.07585429227
2.27380059707	3.22827061586
2.69717927372	3.34681664532
2.84959559731	3.43149238065
3.0528173621	3.49923296891
3.25603912689	3.49923296891
3.61167721527	3.58390870424
3.93344500952	3.6516492925
4.10279648018	3.66858443957
4.11973162724	3.6516492925
4.20440736257	3.6516492925
4.37375883323	3.6516492925
4.37375883323	3.6516492925
4.42456427443	3.66858443957
4.45843456856	3.66858443957
4.54311030389	3.66858443957
4.59390701641	3.68551213079
4.59391574509	3.7024547337
4.71246177455	3.68551958664
4.72939692161	3.68551958664
4.76326721574	3.66858443957
4.86487809814	3.71938988077
4.9834149771	3.68551213079
5.0342295688	3.71938988077
5.05116471586	3.66858443957
5.16971074532	3.71938988077
5.16971074532	3.66858443957
5.32212706891	3.73632502783
5.38985806652	3.68551213079
5.47454339251	3.68551958664
5.5253488337	3.7532601749
5.55921912784	3.6516492925
5.5761542749	3.68551958664
5.71163545143	3.7532601749
5.79631118676	3.7532601749
5.94872751035	3.7024547337
5.94872751035	3.71938988077
6.06727353981	3.6516492925
6.15194927514	3.71938988077
6.20275471634	3.7532601749
6.23662501047	3.71938988077
6.2704953046	3.6516492925
6.30436559873	3.7532601749
6.3213007458	3.7532601749
6.47371706939	3.73632502783
6.50758736352	3.7024547337
6.50758736352	3.71938988077
6.62613339298	3.61777899837
6.66000368711	3.63471414544
6.67693883418	3.71938988077
6.69387398124	3.66858443957
6.74467942244	3.71938988077
6.74467942244	3.7024547337
6.79548486364	3.7024547337
6.84629030483	3.66858443957
6.94790118723	3.66858443957
6.94790118723	3.7024547337
7.01564177549	3.7024547337
7.08338236376	3.66858443957
7.15112295202	3.55003841011
7.15112295202	3.66858443957
7.16805809908	3.56697355718
7.23579868735	3.63471414544
7.25273383441	3.6516492925
7.37127986387	3.58390870424
7.4559555992	3.53310326304
7.4559555992	3.6516492925
7.48981402852	3.55003110099
7.52369618747	3.48229782185
7.6083599296	3.51616084354
7.6083719228	3.53310326304
7.62530706986	3.46536267478
7.65917736399	3.58390870424
7.79465854052	3.43149238065
7.93013971705	3.49923296891
7.96399763284	3.41455007118
7.96401001118	3.31294635119
8.03175059944	3.38068693945
8.04867327647	3.41455007118
8.04868574651	3.26214090999
8.08255604064	3.41455723358
8.08255604064	3.31294635119
8.16723177597	3.19440032173
8.21802456373	3.17745826902
8.31963533609	3.10971775412
8.33658324662	3.0589191452
8.52286986435	2.90650282161
8.57367530555	2.78795679215
8.60754559968	2.66941076269
8.60754559968	2.72021620389
8.69222133501	2.60167017443
8.72609162914	2.58473502736
8.7938322174	2.55086473323
8.87850795273	2.4661889979
8.92931339393	2.39844840964
8.96318368806	2.31377267431
8.99705398219	2.22909693898
9.03092427632	2.16135635072
9.11560001165	2.00894002712
9.14947030578	1.95813458593
9.20027574698	1.8734588506
9.23414604111	1.75491282114
9.26801633524	1.68717223287
9.31882177644	1.60249649754
9.35269207057	1.51782076222
9.3865623647	1.45008017395
9.4373678059	1.24685840916
9.4373678059	1.33153414449
9.50510839416	1.16218267383
9.52204354123	1.04363664437
9.55591383536	0.925090614913
9.58978412949	0.823479732518
9.62365442362	0.704933703058
9.64058957069	0.501711938268
9.64058957069	0.586387673597
9.67445986482	0.33236046761
9.67445986482	0.417036202939
9.70833015895	0.179944144018
9.70833015895	0.230749585216
9.74220045308	-0.00634247370541
9.74220045308	0.112203555755
9.74220045308	0.0613981145577