-2.53769281666	0.0239404982704
-2.51375231839	0.359107474056
-2.46587132185	0.6463934533
-2.29813447046	0.970215730851
-2.16638205192	1.16784435866
-2.06756773802	1.28312772488
-1.90287721485	1.44781824805
-1.86993911021	1.48075635268
-1.67231048241	1.67838498049
-1.40880564533	1.82660645134
-1.32646038375	1.89248266061
-0.980610285087	2.05717318379
-0.799450709598	2.12304939305
-0.568883977158	2.17245655001
-0.519476820206	2.23833275927
-0.3218481924	2.25480181159
-0.0912814599594	2.28773991623
-0.0254052506907	2.28773991623
0.43572821419	2.27127086391
0.863923574437	2.18892560232
1.17683556846	2.0736422361
1.47327851017	1.99129697452
1.22623425303	1.97481907084
1.29211039157	1.9583500362
1.35798653011	1.84306679376
1.58855301499	1.69484548205
1.6379601189	1.64543837815
1.86852660378	1.5301551357
1.90146467305	1.46427899716
1.98380984623	1.38193382399
2.08262405403	1.26665058155
2.16496922721	1.20077444301
2.28025246965	1.11842926984
2.39553571209	0.953738923489
2.444942816	0.838455681047
2.47788088527	0.739641473239
2.51081895454	0.574951126892
2.5437570238	0.509074988353
2.5437570238	0.311446572737
2.56022605844	0.196163330295
2.56022605844	0.163225261026
2.5437570238	0.0314729839482
-2.54517467831	0.0808800878522
-2.52870564367	0.294977538103
-2.4463604705	0.476136919084
-2.4463604705	0.624358230796
-2.4463604705	0.756110507873
-2.41342240123	0.854924715681
-2.39695336659	0.970207958124
-2.28167012415	1.1019602352
-2.18285591634	1.21724347764
-1.98522750073	1.39840285863
-1.93582039682	1.44780996253
-1.90288232755	1.4807480318
-1.60643970413	1.71131451668
-1.52409453096	1.77719065522
-1.37587321924	1.82659775913
-1.35940418461	1.8595358284
-1.29352804607	1.89247389767
-1.12883769973	1.94188100157
-0.914740249474	2.00775714011
-0.667704729955	2.09010231328
-0.486545348973	2.17244748645
0.0239947247013	2.23832362499
0.0569327939706	2.25479265963
0.122808932509	2.25479265963
0.633349006184	2.2877307289
0.699225144722	2.2877307289
0.781570317896	2.23832362499
0.979198733512	2.15597845182
1.2097652184	2.10657134792
1.40739363401	1.99128810547
1.52267687646	1.89247389767
1.67089818817	1.76072162059
0.962729698877	2.17244748645
0.682756110088	2.23832362499
0.353375417395	2.25479265963
0.00752569006666	2.25479265963
-2.52870564367	0.0150039493136
-2.51223660904	0.0479420185829
-2.47929853977	0.130287191756
-2.47929853977	0.163225261026
-2.47929853977	0.163225261026
-2.47929853977	0.196163330295
-2.47929853977	0.311446572737
-2.47929853977	0.344384642007
-2.47929853977	0.360853676641
-2.47929853977	0.42672981518
-2.52870564367	0.262039468833
-2.52870564367	0.229101399564
2.62610219698	0.0150039493136
2.5437570238	0.311446572737
2.5437570238	0.344384642007
2.51081895454	0.459667884449
2.444942816	0.607889196161
2.59316412771	0.327915607372
2.59316412771	0.0973491224869
2.59316412771	0.0644110532176