-1.37663348035	0
-1.35356141085	-0.315318283209
-1.35356141085	-0.107669657681
-1.33818003118	-0.546038978241
-1.33818003118	-0.192267245859
-1.32279865151	-0.769068983437
-1.31510796168	-0.907501400456
-1.31510796168	-0.761378293603
-1.31510796168	-0.261483454369
-1.30741727184	-0.661399325756
-1.30741727184	-0.4922041494
-1.30741727184	-0.646017946087
-1.29972658201	-0.976717608966
-1.29972658201	-0.476822769731
-1.28434520234	-0.907501400456
-1.26896382267	-0.561420357909
-1.26896382267	-1.08438726665
-1.26127313284	-1.13822209549
-1.24589175317	-1.16129416499
-1.19974761416	-1.23820106333
-1.18436623449	-1.29203589217
-1.16129416499	-1.29972658201
-1.15360347516	-1.35356141085
-1.15360347516	-1.32279865151
-1.10745933615	-1.39970554986
-1.10745933615	-1.36125210068
-1.09207795648	-1.4535403787
-1.03055243781	-1.52275658721
-0.976717608966	-1.60735417538
-0.938264159794	-1.64580762456
-0.907501400456	-1.67657038389
-0.853666571616	-1.73040521273
-0.776759673272	-1.82269349075
-0.707543464762	-1.86114693992
-0.630636566419	-1.90729107892
-0.622945876584	-1.89190969926
-0.599873807081	-1.89190969926
-0.507585529069	-1.91498176876
-0.461441390062	-1.96112590777
-0.438369320559	-1.9688165976
-0.407606561222	-1.99957935694
-0.392225181553	-2.04572349594
-0.392225181553	-2.04572349594
-0.353771732381	-2.03034211627
-0.299936903541	-2.05341418578
-0.276864834037	-2.05341418578
-0.169195176356	-2.07648625528
-0.169195176356	-2.09186763495
-0.161504486522	-2.08417694512
-0.130741727184	-2.11493970445
-0.0461441390062	-2.13032108412
0.00769068983437	-2.16108384346
0.0999789678469	-2.13032108412
0.299936903541	-2.14570246379
0.399915871387	-2.14570246379
0.407606561222	-2.12263039429
0.576801737578	-2.05341418578
0.653708635922	-2.04572349594
0.669090015591	-2.02265142644
0.707543464762	-2.03034211627
0.815213122444	-1.99957935694
0.869047951284	-1.97650728743
0.976717608966	-1.92267245859
0.976717608966	-1.92267245859
1.08438726665	-1.83807487042
1.09976864632	-1.77654935174
1.13822209549	-1.6996424534
1.15360347516	-1.69195176356
1.17667554466	-1.65349831439
1.19205692433	-1.59966348555
1.207438304	-1.56890072621
1.2305103735	-1.58428210588
1.29972658201	-1.40739623969
1.32279865151	-1.31510796168
1.38432417019	-0.945954849628
1.39201486002	-1.06131519714
1.39201486002	-0.830594502112
1.40739623969	-0.7383062241
1.42277761936	-0.922882780125
1.43046830919	-0.576801737578
1.44584968886	-0.484513459566
1.46123106853	-0.684471395259
1.4766124482	-0.507585529069
1.48430313803	-0.330699662878
1.51506589737	-0.276864834037
1.53813796687	-0.00769068983437
1.53813796687	-0.146123106853
1.53813796687	-0.161504486522