-2.73751238192	-0.0821434909902
-2.72122612071	-0.684735155888
-2.63979481464	-1.31989934321
-2.41178715765	-1.92249100811
-1.92319932125	-2.28078875481
-1.43461148484	-2.62280024029
-0.636584685386	-2.80194911364
-0.0339930204882	-2.70423154636
0.584884905623	-2.49251015058
0.959468913532	-2.26450249359
1.529488056	-1.98763605296
2.1320797209	-1.64562456748
2.3763736391	-1.38504438807
2.71838512458	-1.04303290258
2.78353016944	-0.701021417101
2.89753399793	-0.310151147978
2.88124773672	-0.0984297522036
2.88124773672	-0.0821434909902
2.88124773672	-0.407868715259
2.84867521429	-0.521872543753
2.79981643065	-0.749880200742
2.7346713858	-1.01046038016
2.58809503488	-1.28732682079
-2.72122612071	-0.0984297522036
-2.72122612071	-0.0984297522036
-2.72122612071	-0.0984297522036
-2.73751238192	-0.293864886765
-2.73751238192	-0.407868715259
-2.73751238192	-0.521872543753
-2.73751238192	-0.635876372247
-2.68865359828	-0.782452723168
-2.65608107585	-0.896456551663
-2.63979481464	-1.0593191638
-2.60722229221	-1.20589551472
-2.60722229221	-1.31989934321
-2.57464976979	-1.36875812685
-2.54207724736	-1.5479070002
-2.52579098615	-1.62933830627
-2.46064594129	-1.71076961233
-2.41178715765	-1.85734596326
-2.18377950066	-2.05278109782
-1.89062679882	-2.31336127723
-1.72776418669	-2.45993762815
-1.58118783577	-2.54136893422
-1.40203896242	-2.62280024029
-1.28803513392	-2.68794528514
-1.04374121572	-2.73680406878
-0.783161036307	-2.76937659121
-0.32714572233	-2.78566285242
-0.147996848982	-2.75309033
0.24287342014	-2.6390865015
0.552312383196	-2.52508267301
0.698888734117	-2.41107884451
0.992041435959	-2.26450249359
1.23633535416	-2.13421240388
1.61091936207	-1.9062047469
1.72492319056	-1.80848717962
1.54577823362	-1.93877508477
1.69235467695	-1.9062025418
1.80635857731	-1.75962609848
1.83893112028	-1.75962609848
2.01808010657	-1.64562219811
2.18094282138	-1.53161829774
2.3275192647	-1.41761439738
2.47409570803	-1.27103795405
2.89753876654	-0.44043810852
2.88125249506	-0.635873366292
2.76724859469	-0.896453709987
2.5880996084	-1.23846541109
2.42523689359	-1.43390066886
2.39266435063	-1.46647321182
-0.729369736387	-2.84138707379
-0.683009479771	-2.84138707379
-0.428028068383	-2.81820694548
-0.358487683459	-2.79502681717
0.452816807322	-2.49368514917
-1.6333947404	-2.47050502086
-1.6333947404	-2.47050502086
-1.9115562801	-2.26188386609
-2.00427679333	-2.21552360947
-2.07381717825	-2.16916335285
-2.16653769148	-2.14598322455
-2.23607807641	-2.09962296793
-2.28243833302	-2.05326271131
-2.4910594878	-1.84464155654
-1.47113384224	-2.5864056624
-1.44795371394	-2.60958579071
-1.40159345732	-2.67912617563
-1.40159345732	-2.67912617563
-1.40159345732	-2.67912617563
-1.40159345732	-2.72548643225
-1.37841332901	-2.72548643225
-1.37841332901	-2.77184668886
-1.3320530724	-2.77184668886
-1.3320530724	-2.77184668886
-1.3320530724	-2.77184668886
-1.28569281578	-2.81820694548
-1.28569281578	-2.81820694548
-1.28569281578	-2.81820694548
-1.28569281578	-2.81820694548
-1.28569281578	-2.81820694548
-1.10025178932	-2.81820694548
-1.10025178932	-2.81820694548
-1.07707166101	-2.81820694548
-1.0538915327	-2.81820694548
-1.0538915327	-2.81820694548
-1.0538915327	-2.81820694548
-2.69968064257	-0.106131933441
-2.86194154072	-0.407473601445
-2.7924011558	-0.222032574981
-2.7924011558	-0.616094756217
-2.7924011558	-0.731995397757
-2.74604089918	-0.940616552529
-2.69968064257	-1.05651719407
2.21450655873	-1.38103899038
2.00588540396	-1.54329988854
1.8436245058	-1.68238065839
1.61182322272	-1.84464155654
1.24094116979	-2.14598322455
1.19458091318	-2.14598322455
1.03232001502	-2.19234348116
0.870059116867	-2.28506399439
0.59189757717	-2.44732489255
0.313736037474	-2.51686527747
0.221015524242	-2.56322553409
-2.86194154072	-0.0597716768246
-2.86194154072	-0.0597716768246
-2.86194154072	-0.0829518051326
-2.86194154072	-0.0829518051326
-2.86194154072	-0.175672318365
-2.86194154072	-0.198852446673
-2.86194154072	-0.291572959905
-2.86194154072	-0.361113344829
-2.86194154072	-0.407473601445
-2.86194154072	-0.407473601445
-2.86194154072	-0.175672318365
-2.86194154072	-0.175672318365
-2.86194154072	-0.175672318365
-2.86194154072	-0.175672318365
-2.86194154072	-0.175672318365
-2.86194154072	-0.175672318365
-2.86194154072	-0.175672318365
-2.67650051426	-0.0597716768246
-2.67650051426	-0.0597716768246
-2.67650051426	-0.0829518051326
-2.67650051426	-0.129312061749
2.81718989474	-0.0134114202085
2.81718989474	-0.0134114202085
2.81718989474	-0.0829518051326
2.79400976643	-0.175672318365
-2.72286077088	-0.0134114202085
-2.72286077088	-0.0365915485166
-2.72286077088	-0.337933216521
-2.72286077088	-0.361113344829