-0.0298142935639	-0.650161278227
-0.350457976769	-0.723034842592
-0.700248679647	-0.839634274883
-0.845995847255	-0.854208991644
-1.02089244838	-0.912507858687
-1.19578904951	-0.927082575448
-1.32696150036	-0.927082575448
-1.47270866797	-0.95623200897
-1.56015696853	-0.95623200897
-1.76420300318	-0.97080672573
-1.88080073727	-0.941657292209
-1.96824903784	-0.941657292209
-2.11399620544	-0.912507858687
-2.24516865629	-0.897933141926
-2.34719167362	-0.897933141926
-2.44921469094	-0.868783708405
-2.59496185855	-0.839634274883
-2.7261343094	-0.839634274883
-2.7990078932	-0.810484841362
-2.88645619376	-0.795910124601
-2.95932977757	-0.766760691079
-3.03220336137	-0.708461824036
-3.10507694518	-0.606438806711
-3.16337581222	-0.504415789385
-3.19252524574	-0.489841072625
-3.19252524574	-0.489841072625
-3.23624939602	-0.431542205581
-3.33827241335	-0.329519188256
-3.39657128039	-0.256645604452
-3.39657128039	-0.198346737409
-3.41114599715	-0.0963237200834
-3.44029543067	-0.0234501362794
-0.0735358589335	-0.664737673754
-0.37960491091	-0.723036540797
-0.539926795279	-0.810484841362
-0.641949812604	-0.825059558123
-0.321306043867	-0.766760691079
-0.263007176824	-0.737611257558
-0.233857743302	-0.708461824036
-0.452478494714	-0.723036540797
-0.75854754669	-0.810484841362
-0.889719997537	-0.825059558123
-1.06461659867	-0.883358425166
-1.25408791656	-0.912507858687
-1.35611093388	-0.927082575448
-1.50185810149	-0.927082575448
-1.60388111882	-0.95623200897
-1.76420300318	-0.95623200897
-1.96824903784	-0.941657292209
-2.08484677192	-0.941657292209
-2.17229507249	-0.941657292209
-1.56015696853	-0.912507858687
-1.3852603674	-0.897933141926
-2.34719167362	-0.868783708405
-2.55123770827	-0.883358425166
-2.69698487587	-0.883358425166
-2.82815732672	-0.839634274883
-3.25521319157	-0.225819369325
-3.25521319157	-0.225819369325
-3.27912787454	-0.154075320418
-3.27912787454	-0.154075320418
-3.27912787454	-0.106245954481
-3.27912787454	-0.106245954481
-3.32695724047	-0.0584165885438
-3.42261597235	-0.0584165885438
-3.39870128938	-0.13016063745
-3.39870128938	-0.249734052293
-3.2312985086	-0.584539613855
-3.20738382563	-0.536710247917
-3.27912787454	-0.369307467137
-3.27912787454	-0.321478101199